.Random.seed <-
c(403L, 10L, -690886946L, 120843561L, -843444005L, -644913174L, 
-1996830836L, -1950402353L, 867416197L, -121386180L, 447517202L, 
-1503934195L, 1942712903L, 1871333422L, -1729585784L, -510212981L, 
1026768489L, 1465254456L, 933982950L, 956681857L, -1371164141L, 
-153569854L, -1847673228L, 175329399L, 1229918573L, 425928196L, 
-204557014L, -945286507L, 2082765103L, -1223181258L, 937154656L, 
1949904547L, -1892914751L, 207189424L, -80806706L, -1482966471L, 
-1520944053L, -2100453894L, -205661956L, 1972673855L, -347901419L, 
41769260L, 1084791298L, 1229609181L, 1795816407L, 1451026110L, 
1226096888L, 521248475L, -411695815L, -1992413048L, -640358346L, 
-1599419279L, 909440675L, 1592327154L, -1123213500L, -1030221817L, 
-1624683043L, -1783579948L, -1167243782L, 1926064453L, -1007997537L, 
-640790746L, 1231921072L, -1586693037L, 1389868913L, -1604743520L, 
-2000760258L, -182503095L, -233576453L, -858706998L, -1017084628L, 
-437929681L, -1239783451L, 954594972L, -1560960270L, -1343831187L, 
639982759L, -1046907186L, -1914942424L, 427585579L, -176250295L, 
-939521192L, 944915974L, 807456737L, -646218381L, 1471206882L, 
352131412L, 583125079L, -976735155L, 1526564836L, 1037555146L, 
302791733L, -896918897L, 2084950934L, -535240896L, -954076669L, 
-156891103L, 948445968L, 315080942L, -1675829095L, 1110099243L, 
-1091732454L, -249639204L, 2134664927L, -1109782347L, -1780820404L, 
-1758872926L, -2123767299L, 371288823L, 1815673886L, -1853245736L, 
248834619L, -1406793767L, -429109912L, -194888554L, 1114618385L, 
-57592893L, -857976878L, 1401129572L, 678840743L, 613017341L, 
-1565891852L, 1256941018L, 1049770277L, 1643585599L, 561848262L, 
-1114012592L, 1019783283L, -986813295L, 1256131776L, 1530773150L, 
-152300951L, -986049893L, 910024618L, 2057890764L, 181249679L, 
1480619717L, 617463420L, 1889702610L, 1842288205L, -362267897L, 
-1494581522L, -1876444216L, 387370187L, -609733335L, -985475720L, 
2064173734L, -837342015L, 1808452947L, 326781442L, -1792683212L, 
-1585594185L, -2050594643L, -387344956L, 115041770L, 1433074261L, 
152077295L, -1318181898L, -943123168L, -2051491101L, 1498717057L, 
49282544L, -959175538L, 841411577L, 968558987L, -153143878L, 
135077052L, 457732095L, -1773990571L, 1664986732L, -510727486L, 
789540125L, 40788887L, 1524430590L, 1836590264L, 1880233627L, 
1807561977L, 382813768L, -1039064714L, -182548303L, -1563505437L, 
509901746L, 2130191364L, 339470151L, -904217059L, 253383828L, 
-629656518L, -1837986171L, -104927393L, 1573040102L, 1148551792L, 
-1887607405L, 566653489L, -1004179232L, -710104706L, 1010879497L, 
-1142055877L, 927539722L, -751916564L, 1754623599L, 93274533L, 
-1338549924L, 425051442L, -1983251411L, -842034457L, -1389520882L, 
-1816131096L, 1654672363L, 1085600905L, 1514598424L, 265891654L, 
1844669857L, -1444731853L, 1283025314L, -1152004972L, -823203049L, 
-510483187L, 1934890020L, -1028865014L, 545053045L, 1192788175L, 
302363606L, -563401856L, -1251532861L, -700638879L, 300183504L, 
-68065490L, 1466170073L, 80926955L, -1488918772L, -835501348L, 
-1829073582L, 1824574592L, -436985772L, 1815746536L, 1530036474L, 
1444727632L, 113872684L, 1138878836L, 1329052562L, -1073706912L, 
-296381044L, 240511840L, 711694818L, -1806333016L, 295574732L, 
-1652152324L, -1685899854L, 1135529456L, -1955148860L, -806630056L, 
1458934138L, -526701648L, -467725892L, 41076820L, 1378189250L, 
84318240L, 1393047740L, -842816944L, -1541891102L, -293246872L, 
-1741583284L, 402045180L, -1479717902L, 1002137856L, -1056300684L, 
-1038445560L, -1199611974L, -1203465776L, 1769085932L, -826029676L, 
1991963090L, -426634912L, 253210444L, -348538592L, -962828414L, 
1650003688L, -981442324L, 987550780L, 364518258L, -1363589520L, 
-765989852L, 637559608L, -1248424806L, 1964862160L, -900173636L, 
-397152620L, -187728254L, 1403713728L, 410299196L, 1426226320L, 
699780642L, 2114347016L, -410721012L, 294270108L, -454586862L, 
1624981376L, -110205420L, 1581302312L, -1840980678L, -874860080L, 
-16606100L, 2099730740L, 937639570L, 698323808L, -711007412L, 
-1077524512L, -1399318622L, 1005529000L, 1120386444L, -364769092L, 
-1977872014L, -1191777040L, 1464619076L, -982242984L, -1453674950L, 
-1103000720L, 1849804860L, -1481246956L, -2082427454L, -933375264L, 
-1055539332L, 1543266000L, -326725470L, -1915005912L, 608867596L, 
2004381628L, 499364146L, 2065035712L, -312382924L, -733346872L, 
-873533254L, 2064992656L, -1580275220L, 1369963092L, 1080277138L, 
-1079584992L, -303074868L, -895404576L, -2025871678L, 246127656L, 
-121111892L, -1989303108L, -682806798L, 1487913264L, 529857700L, 
-1477497160L, 1995894106L, 894967184L, 30096252L, -872763116L, 
1159140162L, -1512686848L, -1559894084L, -1107630256L, -1558895838L, 
-471182008L, 888762892L, 610900060L, -1573223214L, -162110976L, 
1407112532L, -525286936L, 1363864570L, -1719791408L, 947137836L, 
-1888353548L, -2074320494L, 2096747616L, -411300596L, -1117572384L, 
-51965598L, 1070119592L, 254222924L, 1963260284L, 1924300082L, 
-1131818896L, -1478709436L, 1107240408L, -1441301382L, 213040688L, 
858034876L, -1195628716L, 1182811202L, 1889942944L, -1904530756L, 
203674064L, 2099905890L, -1648455704L, -1588019252L, -2121074948L, 
1115609586L, 1453363328L, 777235700L, -1152512376L, -1788281030L, 
-1915036848L, -1669370260L, -724186988L, 550017362L, -152856864L, 
1769298636L, -2051768160L, 1844317058L, -980950296L, -1427029268L, 
676244540L, -335037838L, -813267856L, 641433124L, -1760453576L, 
-137492454L, -796263728L, -1827087300L, 487728276L, -1405707134L, 
-456253504L, 1548710204L, 1320057488L, 510719010L, 1294373896L, 
-1791203188L, -1426136036L, -2010595694L, -200686464L, -1651879916L, 
-1520952024L, 1969987130L, 259968208L, 255222892L, 244757172L, 
-815194094L, 2108528608L, -2136467508L, -1985802784L, 1699022370L, 
-571260632L, 934942988L, -746199492L, -306614030L, -233475344L, 
-390806716L, 2133942872L, -1169733062L, -51249424L, -758909764L, 
-968010220L, 1338751170L, -939227040L, -1471588996L, 895603920L, 
-560849886L, -733855064L, -930338932L, -1772244548L, 777540658L, 
414882070L, -578397836L, 1575260165L, 675391567L, 779594824L, 
73597414L, -1447465197L, 1965246581L, -379004334L, 1337359520L, 
-1129466487L, -906512965L, 832995852L, 137464730L, -1423215857L, 
-1394425511L, -871328786L, -315049348L, 1453857517L, 1284378007L, 
353908320L, -474145730L, -1267663605L, -1578745971L, 1652223162L, 
119941880L, -66719583L, 1932690515L, -476113036L, -1019366142L, 
48889239L, -1356372127L, 430654374L, 185445796L, 884503637L, 
771156223L, 363371928L, -572033354L, 82302787L, -415630715L, 
-1320292574L, -2063324144L, -1802747975L, -88264597L, -2123818148L, 
-407479670L, 518399615L, 1379227593L, 1021566046L, 1259656972L, 
-2077141283L, -1380421657L, 1811850256L, 843295022L, 1497353691L, 
1754227389L, 1939572778L, -168955704L, 987969009L, 918238051L, 
-1555676316L, 582826642L, -804890777L, 512870705L, 1221538422L, 
1449710484L, 1083791269L, 1145964719L, 1981760872L, 1631503686L, 
251061491L, -1816733099L, 499578418L, 1501713408L, -1444890391L, 
1174015835L, 1579043244L, -447219270L, 506111855L, 1307203833L, 
-757064306L, -450146212L, 1667297997L, -1338653129L, -696730432L, 
-803851362L, 1172529259L, -10510355L, -1208614310L, -352336616L, 
32027265L, -800473037L, 130532948L, 1938854498L, 129553655L, 
-114553023L, -1469862458L, 278986500L, -55166283L, 1756460447L, 
767298040L, -1957722154L, 1909985891L, 1309526565L, 1069609410L, 
243070640L, -1214255399L, -809469877L, 1550460604L, -592132886L, 
602837279L, 346366377L, 2065762110L, -245108180L, 2050302077L, 
253559495L, -1802683472L, -181211698L, -838410501L, 594879837L, 
-567906678L, -601903960L, -22480879L, -573519613L, 332506116L, 
-1941418958L, 808756359L, -777555759L, -172416426L, 572623412L, 
943468869L, -1684993137L, -1202934008L, -1938777818L, -1156199981L, 
-1141660875L, -1325649262L, -1289230752L, 212033481L, 2131201787L, 
1234686156L, -945075878L, 425862223L, 1289529625L, -370453714L, 
